0[[-1.74867296e-01]
 [ 3.79919276e-03]
 [ 1.67584587e-01]
 [-1.08784258e-01]
 [-4.68682009e-02]
 [ 4.41517029e+00]]

1[[-0.03316125]
 [-0.08304697]
 [-0.12505611]
 [ 0.00841129]
 [ 0.06462941]
 [ 4.38830568]]

2[[ 0.25797332]
 [-0.00411405]
 [ 0.12390606]
 [-0.13992898]
 [ 0.24341974]
 [ 1.9202554 ]]

3[[ 0.165805  ]
 [ 0.01421501]
 [ 0.11528534]
 [-0.0058526 ]
 [ 0.28704983]
 [ 1.6131603 ]]

4[[ 0.49200613]
 [-0.0458123 ]
 [-0.01746191]
 [-0.00861834]
 [ 0.24212324]
 [ 1.28316024]]

5[[ 0.01127666]
 [-0.06369467]
 [-0.11350858]
 [ 0.12170452]
 [-0.08549448]
 [ 4.21878337]]

6[[0.26869315]
 [0.03423907]
 [0.07348776]
 [0.05664547]
 [0.00699125]
 [2.1792351 ]]

7[[-6.94592478e-04]
 [-5.35348376e-02]
 [-2.12073545e-01]
 [ 8.78501173e-03]
 [ 2.64229453e-02]
 [ 4.64593919e+00]]

8[[ 0.16387589]
 [-0.02679918]
 [-0.02394048]
 [ 0.2741645 ]
 [-0.00932009]
 [ 2.29215713]]

9[[-0.0226757 ]
 [ 0.041433  ]
 [ 0.1047814 ]
 [ 0.09165847]
 [ 0.10456306]
 [ 2.53564405]]

10[[ 0.19738704]
 [ 0.08718949]
 [-0.08219875]
 [-0.03908092]
 [ 0.13390107]
 [ 2.70740223]]

11[[ 0.11998596]
 [ 0.28458938]
 [ 0.03978054]
 [-0.00763522]
 [ 0.09893773]
 [ 1.6777392 ]]

12[[-0.00724557]
 [-0.00505407]
 [ 0.18723677]
 [ 0.02113592]
 [ 0.26376805]
 [ 1.94332174]]

13[[ 0.11307827]
 [ 0.20833935]
 [ 0.44197416]
 [-0.00785791]
 [ 0.1728926 ]
 [ 0.27767141]]

14[[0.26145311]
 [0.12224182]
 [0.10250974]
 [0.39089309]
 [0.02127148]
 [0.27641268]]

15[[ 0.10471935]
 [-0.15278216]
 [ 0.03499656]
 [ 0.10657846]
 [ 0.03293249]
 [ 3.36751655]]

16[[-0.06419242]
 [ 0.13715153]
 [ 0.39204344]
 [ 0.01634372]
 [ 0.09116209]
 [ 1.66133913]]

17[[ 0.00544455]
 [ 0.08364968]
 [ 0.0884758 ]
 [-0.00300038]
 [ 0.34496621]
 [ 1.76633072]]

18[[5.26693720e-02]
 [2.20134377e-01]
 [9.16609495e-04]
 [1.61424604e-01]
 [6.95791906e-02]
 [1.94092882e+00]]

19[[ 0.35422329]
 [-0.04392854]
 [ 0.09467545]
 [-0.04159874]
 [ 0.04443546]
 [ 2.19980276]]

20[[ 0.06393948]
 [ 0.10839703]
 [-0.06331642]
 [ 0.03197772]
 [ 0.09088734]
 [ 2.89207065]]

21[[-0.02342097]
 [-0.04308737]
 [ 0.02269172]
 [ 0.7183702 ]
 [ 0.10093744]
 [ 0.8611764 ]]

22[[ 0.5642043 ]
 [-0.0439331 ]
 [ 0.08640012]
 [ 0.04745095]
 [-0.02021935]
 [ 1.41189695]]

23[[ 0.03286403]
 [-0.04407814]
 [-0.10782342]
 [ 0.12101945]
 [-0.05493998]
 [ 3.91317739]]

24[[ 0.21555608]
 [ 0.09009368]
 [ 0.03738014]
 [ 0.46558948]
 [-0.0521822 ]
 [ 0.91922887]]

25[[-0.01825133]
 [ 0.15699678]
 [ 0.09991959]
 [-0.15734831]
 [ 0.062358  ]
 [ 3.19812521]]

26[[ 0.00444617]
 [ 0.12994898]
 [ 0.05491148]
 [-0.00416173]
 [ 0.51777925]
 [ 1.13046504]]

27[[ 0.10624443]
 [-0.09130692]
 [-0.14873033]
 [ 0.09003204]
 [ 0.2667989 ]
 [ 3.02436441]]

28[[ 0.13946091]
 [-0.02938743]
 [ 0.01089306]
 [-0.08938321]
 [-0.07483216]
 [ 3.91993077]]

29[[ 0.23281311]
 [-0.10839496]
 [ 0.14232845]
 [-0.08521558]
 [-0.02407732]
 [ 3.20596127]]

30[[-0.12070855]
 [ 0.06297252]
 [ 0.1030777 ]
 [ 0.22604665]
 [ 0.1303128 ]
 [ 2.20642399]]

31[[-0.04307662]
 [ 0.23713016]
 [ 0.19737908]
 [ 0.1533098 ]
 [ 0.12349307]
 [ 1.20079233]]

32[[ 0.36316678]
 [ 0.14054716]
 [ 0.22499078]
 [-0.05512577]
 [ 0.11325665]
 [ 0.74616707]]

33[[ 0.16640565]
 [ 0.09314831]
 [ 0.10364004]
 [ 0.65208214]
 [-0.05206772]
 [ 0.07463226]]

34[[-0.01083317]
 [ 0.01633143]
 [ 0.02434786]
 [ 0.51493433]
 [ 0.136346  ]
 [ 1.15290307]]

35[[ 0.05690449]
 [ 0.17171731]
 [ 0.07876628]
 [ 0.00631189]
 [-0.01280521]
 [ 2.66160465]]

36[[-0.02492371]
 [ 0.02784169]
 [ 0.05686403]
 [-0.15121449]
 [ 0.21714445]
 [ 3.38169896]]

37[[ 0.12378826]
 [-0.0339876 ]
 [ 0.03151186]
 [ 0.06106078]
 [-0.13430014]
 [ 3.58418946]]

38[[ 0.07827084]
 [ 0.01817665]
 [ 0.14735393]
 [-0.07174456]
 [-0.06088827]
 [ 3.38812153]]

39[[-0.16196439]
 [-0.01068846]
 [-0.00699758]
 [-0.0671472 ]
 [ 0.0156895 ]
 [ 4.55380477]]

40[[ 0.00215651]
 [ 0.48311287]
 [-0.10384668]
 [ 0.19697727]
 [ 0.01400748]
 [ 1.56053015]]

41[[ 0.05422285]
 [ 0.31498855]
 [ 0.08008919]
 [ 0.08494014]
 [-0.06470873]
 [ 1.97165272]]

42[[-7.52404975e-02]
 [-1.55098463e-03]
 [ 4.11595989e-01]
 [ 7.38904614e-02]
 [-1.11949491e-01]
 [ 2.65680760e+00]]

43[[ 0.01571586]
 [ 0.07248461]
 [-0.02028765]
 [ 0.01515761]
 [ 0.24786882]
 [ 2.5513077 ]]

44[[0.12180587]
 [0.11560584]
 [0.11867833]
 [0.41063784]
 [0.04240934]
 [0.80129486]]

45[[-0.00531841]
 [-0.05604808]
 [ 0.1538774 ]
 [ 0.28568054]
 [ 0.0261502 ]
 [ 2.29945069]]

46[[ 0.04241449]
 [-0.02427324]
 [-0.09051775]
 [ 0.03637304]
 [ 0.63693446]
 [ 1.53360018]]

47[[ 0.19998844]
 [-0.01568713]
 [ 0.15327225]
 [ 0.16155483]
 [-0.00731603]
 [ 2.051212  ]]

48[[-1.63403283e-01]
 [-3.66547364e-02]
 [-1.02870688e-01]
 [-3.54030617e-01]
 [ 1.15739636e-03]
 [ 6.36084984e+00]]

49[[ 0.06901457]
 [-0.11528194]
 [ 0.1515546 ]
 [ 0.29730354]
 [ 0.03277215]
 [ 2.26580335]]

50[[-0.1164537 ]
 [-0.03752392]
 [ 0.03409356]
 [-0.01566203]
 [ 0.14362146]
 [ 3.77834074]]

51[[ 0.4020673 ]
 [-0.09354794]
 [ 0.05529395]
 [ 0.00911705]
 [ 0.19203112]
 [ 1.59142128]]

52[[-0.01795829]
 [ 0.01320899]
 [ 0.01196389]
 [ 0.12647871]
 [ 0.29659552]
 [ 2.16296091]]

53[[-0.07044888]
 [ 0.25881472]
 [ 0.0539299 ]
 [ 0.07938795]
 [ 0.02013353]
 [ 2.4833029 ]]

54[[ 0.22730504]
 [ 0.11634971]
 [ 0.03828762]
 [-0.05472241]
 [ 0.10127568]
 [ 2.0460553 ]]

55[[ 0.01374448]
 [-0.00811877]
 [ 0.01132336]
 [ 0.05283356]
 [ 0.07179319]
 [ 3.20420121]]

56[[ 1.00678600e-01]
 [-2.23659327e-02]
 [ 8.90784440e-02]
 [-3.01673124e-03]
 [ 5.57347051e-02]
 [ 3.02787821e+00]]

57[[ 0.06674136]
 [ 0.22780246]
 [-0.06192823]
 [-0.03234088]
 [ 0.19373585]
 [ 2.32246458]]

58[[0.00569379]
 [0.18459398]
 [0.0265351 ]
 [0.07692618]
 [0.02477262]
 [2.5279238 ]]

59[[ 3.02428490e-01]
 [-5.77904508e-05]
 [ 1.16740939e-01]
 [-1.16510632e-02]
 [-3.11546603e-02]
 [ 2.46077390e+00]]

60[[ 2.93705126e-02]
 [ 4.64376375e-01]
 [-8.27608743e-02]
 [ 3.17362709e-02]
 [-1.14829534e-03]
 [ 2.12748141e+00]]

61[[-0.06282242]
 [ 0.05299473]
 [ 0.16807518]
 [ 0.03568749]
 [ 0.07251622]
 [ 2.74290099]]

62[[0.32710623]
 [0.10981847]
 [0.11055879]
 [0.2935028 ]
 [0.06971154]
 [0.36241846]]

63[[ 0.14317386]
 [-0.06169606]
 [ 0.20653717]
 [ 0.04579103]
 [-0.08352991]
 [ 2.76861877]]

64[[-0.17410378]
 [ 0.10991477]
 [ 0.00821321]
 [ 0.11225097]
 [ 0.38350088]
 [ 2.18301149]]

65[[ 0.06058572]
 [-0.08645355]
 [ 0.02699519]
 [ 0.05693421]
 [ 0.41833742]
 [ 2.01488974]]

66[[-0.04980268]
 [ 0.04188028]
 [ 0.05103013]
 [ 0.32442819]
 [ 0.04358405]
 [ 2.21942074]]

67[[ 0.13089237]
 [-0.15802803]
 [ 0.20939181]
 [ 0.05724855]
 [ 0.08909955]
 [ 2.51770183]]

68[[ 1.75977983e-01]
 [ 1.61625362e-03]
 [ 1.95774018e-02]
 [ 2.54532905e-01]
 [-5.95117117e-02]
 [ 2.37221422e+00]]

69[[ 0.02367767]
 [-0.06266084]
 [ 0.30814199]
 [ 0.07370415]
 [-0.07937724]
 [ 2.7427966 ]]

70[[0.04598182]
 [0.12187913]
 [0.14352386]
 [0.14148623]
 [0.00298288]
 [2.04706208]]

71[[-0.08488328]
 [ 0.16292386]
 [-0.08561153]
 [ 0.01616158]
 [ 0.03304446]
 [ 3.62275525]]

72[[ 1.99061048e-01]
 [ 3.00954835e-02]
 [ 2.02276895e-03]
 [-1.09174840e-01]
 [-1.52200888e-01]
 [ 3.87255776e+00]]

73[[0.10015736]
 [0.07338895]
 [0.08850661]
 [0.09494639]
 [0.0511821 ]
 [2.27654908]]

74[[ 0.05237754]
 [ 0.28571559]
 [-0.13650393]
 [ 0.10141964]
 [-0.02537988]
 [ 2.71477633]]

75[[ 0.22484007]
 [ 0.09683603]
 [-0.04891898]
 [-0.10036996]
 [ 0.07931937]
 [ 2.88314976]]

76[[ 0.13865514]
 [-0.05968686]
 [ 0.13401384]
 [-0.12703541]
 [-0.07427079]
 [ 3.79463742]]

77[[-0.03633632]
 [-0.03662471]
 [ 0.25520323]
 [ 0.15924397]
 [ 0.13134821]
 [ 2.01738909]]

78[[ 0.34480018]
 [ 0.02362525]
 [-0.08744823]
 [ 0.00880107]
 [-0.09192796]
 [ 2.99146272]]

79[[ 0.13418741]
 [ 0.04397726]
 [ 0.20929865]
 [ 0.02854943]
 [-0.01409021]
 [ 2.35022851]]

80[[-0.0402052 ]
 [ 0.04728868]
 [ 0.05619536]
 [ 0.15491114]
 [ 0.36750875]
 [ 1.60994512]]

81[[-0.07158713]
 [ 0.01057989]
 [ 0.29985418]
 [ 0.08800114]
 [-0.08512059]
 [ 2.90460435]]

82[[-0.05288412]
 [ 0.13771482]
 [-0.09858429]
 [-0.16102317]
 [-0.03573389]
 [ 4.4982613 ]]

83[[ 0.00719347]
 [ 0.07047853]
 [-0.01797511]
 [ 0.24476933]
 [ 0.07193285]
 [ 2.44625061]]

84[[ 1.16938207e-01]
 [-4.47462991e-02]
 [-2.60546095e-01]
 [-2.70473151e-03]
 [ 4.07375750e-02]
 [ 4.41648263e+00]]

85[[ 0.21399823]
 [-0.08935971]
 [ 0.14299583]
 [ 0.08570803]
 [ 0.02819397]
 [ 2.33185196]]

86[[ 0.02490033]
 [ 0.1420362 ]
 [ 0.37314957]
 [-0.01695321]
 [ 0.02221502]
 [ 1.73527346]]

87[[ 0.19151635]
 [ 0.06336367]
 [ 0.05085164]
 [ 0.11388751]
 [-0.06986083]
 [ 2.43879289]]

88[[-0.21067504]
 [-0.02925955]
 [ 0.02947409]
 [ 0.08647065]
 [ 0.45727689]
 [ 2.63771056]]

89[[ 0.39359878]
 [-0.02937095]
 [ 0.09239738]
 [ 0.15494855]
 [ 0.00979179]
 [ 1.41181292]]

90[[ 0.20499578]
 [ 0.40451492]
 [ 0.14028033]
 [-0.0811035 ]
 [-0.03455365]
 [ 1.24191932]]

91[[ 0.11174868]
 [ 0.0328487 ]
 [-0.11340748]
 [ 0.09338652]
 [ 0.44884165]
 [ 1.82031539]]

92[[ 0.10748979]
 [ 0.00527572]
 [-0.07336475]
 [-0.16699555]
 [ 0.10563359]
 [ 3.92400832]]

93[[ 0.20147626]
 [-0.02311678]
 [ 0.17318676]
 [-0.01931915]
 [ 0.00463124]
 [ 2.5274055 ]]

94[[ 0.13241059]
 [ 0.06795676]
 [ 0.18051393]
 [-0.02697238]
 [-0.005283  ]
 [ 2.47756164]]

95[[0.0424973 ]
 [0.03324052]
 [0.03808075]
 [0.0069023 ]
 [0.01278264]
 [3.23624593]]

96[[ 0.08545855]
 [-0.01660671]
 [-0.07056906]
 [-0.14480331]
 [-0.03291458]
 [ 4.49726385]]

97[[0.06719458]
 [0.11165988]
 [0.16758561]
 [0.15890496]
 [0.13151961]
 [1.38881206]]

98[[ 0.21370177]
 [ 0.28044723]
 [-0.03908431]
 [ 0.10568055]
 [ 0.30264131]
 [ 0.47311755]]

99[[ 0.15551776]
 [-0.08228222]
 [-0.05471392]
 [ 0.01693532]
 [-0.02681185]
 [ 3.69633857]]

100[[-0.10246652]
 [ 0.07261707]
 [ 0.03287207]
 [ 0.10175006]
 [-0.04647431]
 [ 3.55829548]]

101[[0.01023019]
 [0.07784879]
 [0.00951666]
 [0.4360432 ]
 [0.05020863]
 [1.62471069]]

102[[-0.14220989]
 [ 0.23902028]
 [ 0.14975585]
 [ 0.15622274]
 [-0.04656647]
 [ 2.4398362 ]]

103[[ 1.51628760e-01]
 [-3.55378893e-02]
 [ 2.23122082e-01]
 [ 2.13123823e-03]
 [ 4.31513428e-02]
 [ 2.33901242e+00]]

104[[-0.06431951]
 [ 0.228262  ]
 [ 0.1018413 ]
 [-0.02062013]
 [-0.01540207]
 [ 2.81317755]]

105[[ 0.35158957]
 [ 0.06533004]
 [ 0.1702148 ]
 [-0.04569768]
 [ 0.06952362]
 [ 1.53132577]]

106[[-0.00813667]
 [ 0.13101152]
 [ 0.0147426 ]
 [ 0.225902  ]
 [-0.04908539]
 [ 2.56162261]]

107[[ 0.04410337]
 [ 0.13380877]
 [ 0.07179293]
 [-0.01377479]
 [-0.03521205]
 [ 3.01061263]]

108[[ 0.21385605]
 [ 0.15823431]
 [-0.00360248]
 [ 0.04987296]
 [ 0.20533506]
 [ 1.55852747]]

109[[-0.10169267]
 [ 0.15477458]
 [-0.03910203]
 [-0.11019241]
 [ 0.02283893]
 [ 4.06130127]]

110[[ 0.03180452]
 [ 0.40285684]
 [ 0.30189581]
 [ 0.05010809]
 [-0.05085645]
 [ 0.98261346]]

111[[ 0.18662492]
 [ 0.12214509]
 [-0.06141307]
 [ 0.02503929]
 [-0.14985242]
 [ 3.31266422]]

112[[0.08880079]
 [0.01321062]
 [0.21778985]
 [0.03088093]
 [0.13740734]
 [1.88263343]]

113[[ 0.27583062]
 [ 0.08018803]
 [-0.01396137]
 [ 0.05257794]
 [ 0.10644675]
 [ 1.90379709]]

114[[ 0.05477015]
 [ 0.15488744]
 [ 0.23643911]
 [-0.03645307]
 [-0.06434473]
 [ 2.46741215]]

115[[ 0.04697465]
 [ 0.06259981]
 [-0.02039401]
 [ 0.09056898]
 [-0.16133969]
 [ 3.74559939]]

116[[ 0.12689488]
 [ 0.12785773]
 [-0.0819283 ]
 [-0.02874065]
 [ 0.09732784]
 [ 2.94311616]]

117[[-0.06733281]
 [ 0.04837116]
 [-0.13150138]
 [ 0.06335222]
 [ 0.11549379]
 [ 3.7908317 ]]

118[[ 0.13286556]
 [-0.0078122 ]
 [-0.11576276]
 [ 0.14532957]
 [ 0.06393405]
 [ 3.00742088]]

119[[ 0.14957814]
 [-0.04369786]
 [-0.16698434]
 [-0.10810671]
 [ 0.01225021]
 [ 4.43418162]]

120[[-0.04417394]
 [ 0.05830783]
 [ 0.0055767 ]
 [ 0.33231914]
 [ 0.02084367]
 [ 2.38676332]]

121[[-0.09561821]
 [ 0.1362746 ]
 [ 0.12517302]
 [-0.04832284]
 [-0.09960834]
 [ 3.69355915]]

122[[-1.09202636e-01]
 [ 1.48549527e-01]
 [-8.95964467e-02]
 [-3.11386493e-03]
 [-1.88241459e-02]
 [ 4.03343536e+00]]

123[[-0.00550024]
 [ 0.16567456]
 [ 0.12113775]
 [-0.05568093]
 [-0.09761322]
 [ 3.23768438]]

124[[0.09240875]
 [0.13962697]
 [0.04523854]
 [0.00446723]
 [0.10560326]
 [2.39483977]]

125[[ 0.02833816]
 [ 0.08726294]
 [-0.03492667]
 [-0.21034125]
 [-0.04299257]
 [ 4.4401302 ]]

126[[ 0.01315718]
 [ 0.30362056]
 [ 0.02552774]
 [ 0.12826486]
 [-0.0128673 ]
 [ 2.00282425]]

127[[ 0.0633635 ]
 [-0.05489075]
 [ 0.16780395]
 [ 0.18729438]
 [ 0.23519906]
 [ 1.56968721]]

128[[-0.01444665]
 [ 0.04812634]
 [ 0.18878557]
 [ 0.22760584]
 [-0.03971617]
 [ 2.15907281]]

129[[0.0171586 ]
 [0.04647646]
 [0.00385983]
 [0.08310256]
 [0.16042931]
 [2.61177889]]

130[[0.01370742]
 [0.07434966]
 [0.00994854]
 [0.04516051]
 [0.09327719]
 [2.95079712]]

131[[ 0.19277425]
 [ 0.04300953]
 [ 0.01390715]
 [ 0.3523837 ]
 [-0.12114819]
 [ 1.89243355]]

132[[0.08020857]
 [0.11689127]
 [0.11201638]
 [0.08206752]
 [0.02131073]
 [2.16420202]]

133[[ 0.30562185]
 [-0.04346892]
 [-0.13328461]
 [-0.04312502]
 [ 0.23303224]
 [ 2.53888952]]

134[[-0.00331613]
 [ 0.57101322]
 [ 0.06055902]
 [-0.0497175 ]
 [-0.05097597]
 [ 1.83363352]]

135[[ 0.24991178]
 [ 0.12898744]
 [-0.14167837]
 [-0.04983757]
 [ 0.16374211]
 [ 2.47117387]]

136[[ 0.14472727]
 [ 0.1118704 ]
 [ 0.23259638]
 [-0.10126092]
 [ 0.03176048]
 [ 2.14407621]]

137[[ 0.0993993 ]
 [ 0.07034745]
 [ 0.43081903]
 [-0.11335728]
 [-0.04190745]
 [ 2.01173654]]

138[[ 1.91767581e-02]
 [-1.32955136e-02]
 [ 6.29287421e-02]
 [-2.54314436e-01]
 [-2.79225187e-03]
 [ 4.45851526e+00]]

139[[ 0.08102058]
 [ 0.17541816]
 [ 0.24163101]
 [-0.01826041]
 [ 0.1032298 ]
 [ 1.57738333]]

140[[ 0.1966772 ]
 [ 0.22496439]
 [-0.25948808]
 [-0.07021851]
 [ 0.00781276]
 [ 3.44127456]]

141[[0.25863479]
 [0.04050695]
 [0.04422066]
 [0.09531975]
 [0.00254585]
 [2.0981551 ]]

142[[ 0.06236084]
 [-0.04190495]
 [-0.04018719]
 [ 0.14587436]
 [-0.07971253]
 [ 3.61548397]]

143[[ 0.16081727]
 [ 0.18516438]
 [ 0.09460374]
 [ 0.04768263]
 [-0.01872807]
 [ 1.94084041]]

144[[ 0.18908135]
 [ 0.24019044]
 [ 0.05205376]
 [ 0.00692287]
 [-0.10828512]
 [ 2.37182018]]

145[[ 0.48391581]
 [ 0.04364814]
 [-0.05287472]
 [ 0.15940359]
 [-0.00982623]
 [ 1.4036377 ]]

146[[ 0.06154538]
 [ 0.08049724]
 [-0.01013071]
 [ 0.44083618]
 [ 0.03589073]
 [ 1.4611633 ]]

147[[ 0.03556578]
 [ 0.04441846]
 [ 0.19622021]
 [ 0.02094652]
 [-0.17839028]
 [ 3.33418407]]

148[[ 0.02158431]
 [ 0.04367581]
 [ 0.17762616]
 [-0.06969276]
 [ 0.16614569]
 [ 2.52112396]]

149[[ 0.02218603]
 [ 0.11941216]
 [-0.09475916]
 [ 0.17029711]
 [ 0.25001703]
 [ 1.93760793]]

150[[ 0.28291561]
 [-0.18498785]
 [ 0.3268731 ]
 [ 0.02872458]
 [ 0.06586933]
 [ 1.75738939]]

151[[ 0.14758658]
 [ 0.07451237]
 [-0.03709425]
 [ 0.23161276]
 [ 0.17839126]
 [ 1.47953947]]

152[[ 0.14563956]
 [ 0.08846548]
 [-0.00616138]
 [ 0.17550837]
 [ 0.11169065]
 [ 1.86906467]]

153[[-0.09597354]
 [ 0.06592036]
 [-0.07519708]
 [ 0.40895773]
 [-0.06201287]
 [ 2.87163781]]

154[[-0.0209194 ]
 [ 0.12784694]
 [ 0.40747884]
 [ 0.10004289]
 [ 0.16390733]
 [ 0.88323549]]

155[[-0.12912794]
 [ 0.08704213]
 [ 0.44541249]
 [ 0.10200189]
 [ 0.23625784]
 [ 0.99442648]]

156[[-0.01250777]
 [ 0.25867138]
 [ 0.13060838]
 [ 0.01188222]
 [ 0.11476948]
 [ 1.86777097]]

157[[ 0.12211812]
 [ 0.10812084]
 [ 0.05878193]
 [-0.01937246]
 [ 0.10153435]
 [ 2.33600221]]

158[[ 0.0914672 ]
 [ 0.32936129]
 [ 0.04212255]
 [-0.05469796]
 [ 0.11807851]
 [ 1.92553063]]

159[[0.01658936]
 [0.16764253]
 [0.01031471]
 [0.01457481]
 [0.01579062]
 [2.92190537]]

160[[-0.11748429]
 [ 0.02027571]
 [ 0.0785703 ]
 [ 0.05494294]
 [ 0.03075317]
 [ 3.42761149]]

161[[ 0.02569881]
 [-0.0266713 ]
 [ 0.21981111]
 [ 0.05774946]
 [ 0.00828563]
 [ 2.70052517]]

162[[0.01176701]
 [0.3987694 ]
 [0.14666586]
 [0.12581095]
 [0.08972931]
 [0.89982181]]

163[[-0.01799167]
 [ 0.03148501]
 [ 0.30084484]
 [-0.09264052]
 [ 0.35047503]
 [ 1.60016262]]

164[[-0.03129716]
 [ 0.09803553]
 [-0.10420254]
 [ 0.14191139]
 [ 0.05249579]
 [ 3.19395719]]

165[[ 0.182434  ]
 [-0.00497278]
 [ 0.12954502]
 [ 0.1294342 ]
 [-0.03317689]
 [ 2.26579813]]

166[[-0.05109234]
 [-0.09538599]
 [ 0.07988105]
 [ 0.15682943]
 [ 0.05105585]
 [ 3.19473451]]

167[[ 0.09188814]
 [ 0.02023499]
 [-0.16486964]
 [ 0.02175472]
 [ 0.14922376]
 [ 3.32301193]]

168[[ 0.14204161]
 [ 0.16786815]
 [ 0.05456528]
 [ 0.278674  ]
 [-0.06276832]
 [ 1.59273283]]

169[[-0.01117148]
 [ 0.37347839]
 [ 0.18481729]
 [ 0.09676831]
 [ 0.16265222]
 [ 0.62172263]]

170[[ 0.12909367]
 [ 0.10185529]
 [-0.12602218]
 [ 0.00441234]
 [-0.10596487]
 [ 3.73898708]]

171[[ 0.0202003 ]
 [-0.05476715]
 [-0.01783627]
 [ 0.08448882]
 [ 0.17216389]
 [ 2.99642066]]

172[[ 0.11626773]
 [ 0.16591406]
 [-0.05671189]
 [-0.09820213]
 [-0.03633761]
 [ 3.40758259]]

173[[ 0.1273722 ]
 [-0.05313546]
 [ 0.26104014]
 [ 0.05049499]
 [ 0.03432842]
 [ 2.20331973]]

174[[ 0.2713438 ]
 [ 0.36624869]
 [-0.23093371]
 [ 0.01577706]
 [-0.0245736 ]
 [ 2.24920814]]

175[[ 1.97977819e-02]
 [-5.79080110e-04]
 [ 2.68537023e-01]
 [-5.42452280e-02]
 [ 2.71471646e-01]
 [ 1.81272787e+00]]

176[[ 0.04123454]
 [-0.05920423]
 [ 0.16535367]
 [-0.04221731]
 [ 0.12648678]
 [ 2.92664896]]

177[[ 0.02786761]
 [-0.03971637]
 [ 0.14533529]
 [ 0.50077913]
 [ 0.04156598]
 [ 1.04829596]]

178[[-0.03258153]
 [ 0.03005498]
 [ 0.04640741]
 [ 0.07411565]
 [ 0.10470364]
 [ 2.9258271 ]]

179[[ 0.09221858]
 [ 0.16464967]
 [-0.01732522]
 [ 0.36973533]
 [ 0.15664822]
 [ 0.92530257]]

180[[ 0.49688172]
 [-0.03344488]
 [-0.08369396]
 [ 0.03424858]
 [-0.02002853]
 [ 2.30145909]]

181[[-0.01039813]
 [ 0.04744632]
 [-0.20501167]
 [ 0.12793052]
 [ 0.14704855]
 [ 3.36676386]]

182[[ 0.05627983]
 [ 0.05173106]
 [-0.15462302]
 [-0.07213274]
 [ 0.04601585]
 [ 3.93641836]]

183[[ 0.16960683]
 [ 0.03703156]
 [-0.08919297]
 [ 0.05433013]
 [ 0.151406  ]
 [ 2.58051085]]

184[[ 0.08336676]
 [ 0.01056079]
 [-0.01626278]
 [ 0.11727347]
 [-0.00598451]
 [ 3.07288059]]

185[[ 0.07957823]
 [ 0.02589262]
 [ 0.10948433]
 [-0.19777474]
 [-0.03993405]
 [ 3.94805769]]

186[[ 0.1048665 ]
 [ 0.17507005]
 [ 0.14125623]
 [-0.16311569]
 [ 0.14461074]
 [ 2.22599549]]

187[[ 0.06308641]
 [ 0.1063215 ]
 [ 0.23250969]
 [ 0.20424744]
 [-0.17911582]
 [ 2.1365194 ]]

188[[-0.08341511]
 [-0.10216837]
 [ 0.10728301]
 [ 0.08616197]
 [ 0.06433996]
 [ 3.46436643]]

189[[ 0.12289888]
 [ 0.03645634]
 [ 0.23610297]
 [ 0.03945979]
 [-0.05637492]
 [ 2.42616075]]

190[[-0.08759212]
 [ 0.11397569]
 [ 0.02243958]
 [ 0.50282108]
 [ 0.03247171]
 [ 1.68968071]]

191[[0.25882458]
 [0.11256956]
 [0.05149476]
 [0.12269477]
 [0.22049634]
 [0.97152056]]

192[[ 0.178085  ]
 [ 0.15661926]
 [ 0.02744646]
 [-0.10367906]
 [ 0.0968275 ]
 [ 2.35285982]]

193[[-1.96123371e-03]
 [-2.25011094e-02]
 [ 3.13786053e-02]
 [ 1.98118185e-01]
 [ 1.67072965e-01]
 [ 2.34510071e+00]]

194[[ 0.27429759]
 [ 0.1609351 ]
 [ 0.12444673]
 [-0.06790385]
 [ 0.1727762 ]
 [ 1.29816988]]

195[[-0.0091262 ]
 [ 0.012062  ]
 [ 0.06078744]
 [-0.04067454]
 [ 0.11450993]
 [ 3.20212492]]

196[[ 0.05621415]
 [ 0.16858305]
 [ 0.30245789]
 [-0.17328502]
 [-0.08673025]
 [ 2.8333814 ]]

197[[0.02540256]
 [0.22170224]
 [0.10176572]
 [0.13367998]
 [0.08006233]
 [1.67227439]]

198[[ 0.15625868]
 [-0.00289267]
 [ 0.00984761]
 [ 0.01304224]
 [ 0.23307211]
 [ 2.21202614]]

199[[-0.15783046]
 [ 0.04593954]
 [ 0.0579644 ]
 [ 0.20580095]
 [-0.11612107]
 [ 3.56851205]]

200[[ 0.41870274]
 [ 0.13243419]
 [ 0.05566112]
 [-0.02617596]
 [-0.08198193]
 [ 1.90711691]]

201[[-0.02617966]
 [-0.01822414]
 [ 0.18219861]
 [ 0.31998611]
 [ 0.05615923]
 [ 1.7980408 ]]

202[[ 0.1025043 ]
 [ 0.18006053]
 [ 0.04517087]
 [ 0.11306142]
 [-0.04615633]
 [ 2.23180795]]

203[[ 0.35200609]
 [ 0.1215531 ]
 [-0.01670316]
 [ 0.12600929]
 [-0.04141722]
 [ 1.598914  ]]

204[[ 0.20094268]
 [-0.17162022]
 [ 0.11584182]
 [-0.04256016]
 [ 0.00711445]
 [ 3.33716953]]

205[[ 0.06815811]
 [ 0.06419391]
 [-0.02945687]
 [ 0.21574079]
 [ 0.02956487]
 [ 2.47664986]]

206[[-0.15389931]
 [ 0.18785704]
 [-0.03032201]
 [ 0.02382007]
 [ 0.01225097]
 [ 3.63039765]]

207[[-0.19565629]
 [ 0.1280973 ]
 [ 0.0228846 ]
 [ 0.11380191]
 [ 0.03352376]
 [ 3.53089347]]

208[[0.08432573]
 [0.07912318]
 [0.44094148]
 [0.0985529 ]
 [0.10451793]
 [0.63424487]]

209[[ 0.06879126]
 [ 0.02504356]
 [ 0.24048655]
 [-0.12746931]
 [ 0.07502085]
 [ 2.71943379]]

210[[ 0.20881876]
 [-0.03031279]
 [ 0.2210478 ]
 [-0.10285766]
 [ 0.04995801]
 [ 2.46237599]]

211[[ 0.07944029]
 [ 0.04155088]
 [ 0.02181373]
 [-0.05274422]
 [ 0.44985258]
 [ 1.67639519]]

212[[ 0.06868675]
 [ 0.02751381]
 [-0.02306916]
 [ 0.04878324]
 [ 0.67868126]
 [ 0.81478902]]

213[[0.13458033]
 [0.1511956 ]
 [0.16755028]
 [0.09237538]
 [0.20750119]
 [1.00244   ]]

214[[ 0.08091689]
 [ 0.06216701]
 [-0.02137684]
 [-0.13977521]
 [ 0.0076345 ]
 [ 3.73792342]]

215[[ 0.17315626]
 [-0.04695053]
 [ 0.00783703]
 [ 0.25811709]
 [ 0.08551771]
 [ 1.99311181]]

216[[ 0.14513365]
 [ 0.08950304]
 [-0.08317839]
 [ 0.16353801]
 [-0.07538954]
 [ 2.87643468]]

217[[-0.04173508]
 [ 0.05121609]
 [ 0.04563291]
 [ 0.13211113]
 [-0.02524053]
 [ 3.17795125]]

218[[ 0.04460028]
 [ 0.15086395]
 [-0.00506156]
 [ 0.03521687]
 [ 0.02022138]
 [ 2.88636467]]

219[[ 1.52317264e-01]
 [ 2.05962477e-01]
 [ 9.39013626e-04]
 [ 1.47246169e-03]
 [-1.03172439e-01]
 [ 2.90346230e+00]]

220[[ 0.08430451]
 [ 0.01899466]
 [-0.05363495]
 [-0.01360671]
 [ 0.47084865]
 [ 1.80921096]]

221[[-7.46747143e-02]
 [-4.86216936e-02]
 [-5.64082532e-02]
 [ 2.41607949e-03]
 [ 1.15167132e-01]
 [ 3.94642910e+00]]

222[[-0.10106445]
 [ 0.17641924]
 [-0.09238337]
 [-0.05633037]
 [-0.02534962]
 [ 4.18101315]]

223[[ 0.21491465]
 [-0.17561756]
 [-0.03815808]
 [-0.01223442]
 [ 0.07360018]
 [ 3.548988  ]]

224[[ 0.01354327]
 [ 0.12529423]
 [-0.02279625]
 [ 0.30012122]
 [ 0.0669527 ]
 [ 1.91344901]]

225[[ 4.51600522e-04]
 [ 1.13840045e-01]
 [ 2.65692124e-01]
 [-3.12109448e-03]
 [ 2.03782575e-01]
 [ 1.52472477e+00]]

226[[0.08393323]
 [0.12907546]
 [0.0467411 ]
 [0.07189148]
 [0.16999715]
 [1.89408854]]

227[[ 0.0139816 ]
 [-0.13019903]
 [-0.07778868]
 [ 0.04710722]
 [ 0.09781058]
 [ 3.90547206]]

228[[ 0.46677199]
 [ 0.20365005]
 [-0.20098576]
 [ 0.13778747]
 [ 0.07160892]
 [ 1.30833046]]

229[[ 0.18686048]
 [-0.09116357]
 [ 0.01305104]
 [-0.03505119]
 [ 0.24071024]
 [ 2.56882524]]

230[[ 0.09198585]
 [ 0.25338068]
 [-0.01540543]
 [ 0.00325017]
 [ 0.16524909]
 [ 1.95703932]]

231[[ 0.3396595 ]
 [ 0.12106717]
 [-0.03969573]
 [-0.0095743 ]
 [ 0.01526308]
 [ 2.13021819]]

232[[ 0.14592498]
 [-0.03760546]
 [-0.11326128]
 [ 0.21037241]
 [ 0.33460166]
 [ 1.68621595]]

233[[ 0.30710558]
 [-0.00558141]
 [-0.02165445]
 [ 0.30486633]
 [ 0.05802047]
 [ 1.36620608]]

234[[ 0.30320375]
 [ 0.02955983]
 [-0.02964223]
 [ 0.19820116]
 [ 0.06609961]
 [ 1.59681262]]

235[[ 0.03950092]
 [-0.04501055]
 [ 0.05727988]
 [ 0.02319255]
 [-0.07755787]
 [ 3.76298571]]

236[[ 0.20088122]
 [-0.13917184]
 [ 0.02106941]
 [-0.08050582]
 [ 0.02574628]
 [ 3.66403137]]

237[[ 0.15962464]
 [ 0.07567447]
 [-0.04221584]
 [-0.06874075]
 [ 0.03221931]
 [ 3.22327398]]

238[[ 0.1954784 ]
 [ 0.16636046]
 [ 0.02009337]
 [-0.07031945]
 [ 0.28036313]
 [ 1.61017647]]

239[[-0.07791156]
 [ 0.1993364 ]
 [-0.02667123]
 [ 0.0519121 ]
 [-0.00435795]
 [ 3.20580443]]

240[[-0.16265306]
 [-0.02828884]
 [ 0.02309508]
 [ 0.12655761]
 [ 0.14046358]
 [ 3.54328549]]

241[[ 0.07892894]
 [ 0.06417507]
 [ 0.04537109]
 [-0.1298471 ]
 [-0.04609115]
 [ 3.75078545]]

242[[ 4.46214698e-02]
 [-4.84278099e-02]
 [ 3.10451723e-03]
 [-7.26812513e-03]
 [ 1.18978582e-01]
 [ 3.36022512e+00]]

243[[ 0.0407363 ]
 [ 0.00963532]
 [ 0.01942813]
 [ 0.17589161]
 [-0.03372972]
 [ 2.96443613]]

244[[-0.17482583]
 [-0.02251641]
 [-0.06983503]
 [ 0.05352666]
 [ 0.18461059]
 [ 3.88643642]]

245[[ 0.12572027]
 [-0.27866956]
 [ 0.13659598]
 [ 0.18836292]
 [ 0.14146279]
 [ 2.58053471]]

246[[-0.04628214]
 [-0.06890973]
 [ 0.31965818]
 [ 0.02526057]
 [ 0.13920792]
 [ 2.32889966]]

247[[ 0.12504144]
 [ 0.18261559]
 [-0.02568839]
 [ 0.08328415]
 [ 0.24164959]
 [ 1.51913206]]

248[[ 0.02551099]
 [-0.04370511]
 [ 0.21493552]
 [ 0.20749729]
 [ 0.07388187]
 [ 1.92949853]]

249[[ 0.01281452]
 [ 0.14924255]
 [ 0.06990697]
 [-0.0183634 ]
 [ 0.00901388]
 [ 3.02422139]]

250[[ 0.07643266]
 [ 0.04003814]
 [ 0.12279772]
 [ 0.15326429]
 [-0.09673279]
 [ 2.57632783]]

251[[ 0.13467077]
 [-0.04308519]
 [-0.08957588]
 [ 0.06903646]
 [ 0.37136258]
 [ 2.15612413]]

252[[-0.11557979]
 [ 0.05321303]
 [ 0.17493649]
 [ 0.01324118]
 [ 0.31872436]
 [ 2.14673781]]

253[[-0.13596837]
 [ 0.14756262]
 [ 0.09449301]
 [ 0.12929416]
 [ 0.04002365]
 [ 2.81559129]]

254[[ 0.01450574]
 [ 0.2486294 ]
 [ 0.26252723]
 [-0.064728  ]
 [ 0.21303593]
 [ 1.23289108]]

255[[ 0.29011582]
 [ 0.01374994]
 [ 0.26269612]
 [ 0.25198579]
 [-0.02611955]
 [ 0.76080142]]

256[[-0.08329274]
 [ 0.07585463]
 [ 0.09754206]
 [ 0.17309871]
 [ 0.1255145 ]
 [ 2.30230658]]

257[[ 0.04081367]
 [ 0.1476902 ]
 [-0.09195128]
 [ 0.0871943 ]
 [ 0.11075334]
 [ 2.69931568]]

258[[ 0.02504197]
 [ 0.15032334]
 [-0.06298491]
 [ 0.18534094]
 [-0.00789777]
 [ 2.71039762]]

259[[0.19906139]
 [0.00593751]
 [0.02472087]
 [0.02958831]
 [0.03007553]
 [2.70083941]]

260[[ 0.17516885]
 [-0.21341266]
 [ 0.09283232]
 [-0.03123685]
 [-0.065938  ]
 [ 3.98893677]]

261[[ 0.03130744]
 [-0.01036423]
 [-0.03238974]
 [-0.13732128]
 [ 0.03230929]
 [ 4.16860066]]

262[[ 0.12781948]
 [-0.00844482]
 [ 0.06784987]
 [ 0.09636443]
 [ 0.11926121]
 [ 2.31857064]]

263[[-0.02862789]
 [ 0.17839904]
 [-0.00747157]
 [ 0.08877446]
 [ 0.10491094]
 [ 2.48947025]]

264[[ 0.0665246 ]
 [ 0.03508734]
 [-0.02213623]
 [ 0.24061407]
 [ 0.22450156]
 [ 1.72636777]]

265[[ 0.07759879]
 [-0.04912651]
 [ 0.24035599]
 [-0.02052172]
 [ 0.03987142]
 [ 2.79186793]]

266[[ 0.42351621]
 [ 0.17699742]
 [-0.00599328]
 [ 0.11742669]
 [-0.05965024]
 [ 1.270751  ]]

267[[ 0.04115947]
 [ 0.49316607]
 [ 0.10528036]
 [ 0.06352614]
 [-0.0216203 ]
 [ 1.26789597]]

268[[ 0.18047905]
 [-0.01125382]
 [ 0.10757415]
 [ 0.09516526]
 [-0.03757669]
 [ 2.48551607]]

269[[ 0.03627728]
 [ 0.21894281]
 [-0.01559579]
 [ 0.02098113]
 [-0.09649149]
 [ 3.15959739]]

270[[ 0.25867518]
 [-0.02289419]
 [-0.09638234]
 [-0.52446932]
 [ 0.0108273 ]
 [ 5.31650201]]

271[[-0.10322968]
 [ 0.15424788]
 [-0.09608649]
 [-0.10644408]
 [ 0.10208777]
 [ 4.03411841]]

272[[ 0.01554239]
 [ 0.0639036 ]
 [ 0.01255405]
 [ 0.0197097 ]
 [-0.03983311]
 [ 3.46711072]]

273[[-0.00503879]
 [ 0.07442285]
 [ 0.14364235]
 [ 0.24313522]
 [ 0.42667216]
 [ 0.43624981]]

274[[-0.02352635]
 [ 0.20969032]
 [ 0.08844075]
 [ 0.17460814]
 [ 0.01333907]
 [ 2.08451619]]

275[[ 0.14142613]
 [ 0.21444526]
 [-0.13218619]
 [ 0.16132449]
 [ 0.1916568 ]
 [ 1.58667176]]

276[[ 0.05434397]
 [ 0.16452744]
 [-0.15301103]
 [ 0.08295515]
 [ 0.0171407 ]
 [ 3.19023816]]

277[[-0.03738393]
 [-0.00847948]
 [ 0.22845411]
 [ 0.12197743]
 [ 0.10610962]
 [ 2.31637331]]

278[[-0.0782101 ]
 [ 0.14377057]
 [ 0.02882981]
 [ 0.02055991]
 [ 0.228495  ]
 [ 2.5651706 ]]

279[[-0.03970766]
 [ 0.00435163]
 [ 0.03496148]
 [ 0.05873729]
 [-0.04412902]
 [ 3.6996141 ]]

280[[ 0.13754634]
 [-0.1194976 ]
 [-0.02425129]
 [-0.07854291]
 [ 0.29407494]
 [ 2.88319682]]

281[[ 0.27599445]
 [ 0.03491223]
 [ 0.03358248]
 [ 0.27280447]
 [-0.04342642]
 [ 1.55012549]]

282[[-0.01665095]
 [ 0.52666785]
 [ 0.08364087]
 [-0.03496382]
 [ 0.01455972]
 [ 1.69742285]]

283[[-0.0068254 ]
 [ 0.33173262]
 [-0.19050593]
 [-0.01663611]
 [ 0.15581509]
 [ 2.76078556]]

284[[ 0.28405091]
 [-0.09190735]
 [-0.00737819]
 [-0.0614648 ]
 [ 0.20311965]
 [ 2.64214979]]

285[[ 0.15316894]
 [-0.02429455]
 [-0.01238544]
 [-0.02511666]
 [ 0.06378032]
 [ 3.10628416]]

286[[ 1.72027419e-01]
 [ 7.12379594e-02]
 [-3.24115304e-03]
 [-3.07893799e-01]
 [ 2.06126594e-02]
 [ 4.03323845e+00]]

287[[-0.03084196]
 [ 0.0288356 ]
 [-0.07861589]
 [ 0.03617261]
 [ 0.04733987]
 [ 3.69971641]]

288[[ 0.11703042]
 [ 0.26671854]
 [-0.01350672]
 [ 0.01995134]
 [-0.10816671]
 [ 2.77585837]]

289[[0.15914121]
 [0.20362548]
 [0.10412965]
 [0.00784463]
 [0.0893003 ]
 [1.73979873]]

290[[-0.08904029]
 [ 0.08330345]
 [ 0.20819286]
 [ 0.10526103]
 [ 0.04119031]
 [ 2.46100953]]

291[[-0.11165522]
 [-0.08930068]
 [ 0.11911084]
 [ 0.0620911 ]
 [ 0.03149711]
 [ 3.74657254]]

292[[-0.21684546]
 [ 0.09150235]
 [ 0.03111315]
 [ 0.03672564]
 [ 0.09246053]
 [ 3.58207875]]

293[[ 0.14309696]
 [ 0.25365535]
 [ 0.21431022]
 [-0.01156281]
 [-0.0271842 ]
 [ 1.68679035]]

294[[-0.02975193]
 [ 0.17304239]
 [-0.00662004]
 [ 0.06546296]
 [ 0.08941253]
 [ 2.69466243]]

295[[ 0.02196298]
 [-0.08103755]
 [-0.09486184]
 [ 0.0848744 ]
 [ 0.1558681 ]
 [ 3.46866305]]

296[[-1.54661995e-01]
 [ 1.50284298e-01]
 [-2.07610855e-03]
 [ 1.35608836e-01]
 [-9.83363913e-03]
 [ 3.30798885e+00]]

297[[ 0.10365687]
 [ 0.01310809]
 [ 0.27994957]
 [-0.02459329]
 [-0.03949899]
 [ 2.49296311]]

298[[0.28001325]
 [0.0215251 ]
 [0.10822135]
 [0.02584937]
 [0.07210969]
 [1.8526034 ]]

299[[ 0.19864572]
 [ 0.25319152]
 [-0.01102094]
 [-0.01493911]
 [-0.01035105]
 [ 2.24659521]]

300[[ 0.21079123]
 [ 0.05245514]
 [-0.02275382]
 [ 0.10117265]
 [-0.01710373]
 [ 2.57727066]]

301[[ 0.30047465]
 [-0.10744451]
 [ 0.31622172]
 [ 0.08559451]
 [ 0.00451297]
 [ 1.3916945 ]]

302[[ 0.11168043]
 [-0.12453646]
 [-0.10089261]
 [ 0.26859342]
 [ 0.04081502]
 [ 2.90002225]]

303[[-0.07705484]
 [ 0.23535411]
 [-0.12796102]
 [-0.07498537]
 [-0.02821003]
 [ 3.99853941]]

304[[ 0.07329012]
 [-0.03516762]
 [ 0.15517337]
 [ 0.06036815]
 [ 0.1076912 ]
 [ 2.43083887]]

305[[-0.14336349]
 [ 0.38410242]
 [ 0.08107681]
 [ 0.05805527]
 [ 0.01323731]
 [ 2.37462122]]

306[[-0.04660359]
 [ 0.01864807]
 [ 0.07401092]
 [-0.12202231]
 [ 0.0292269 ]
 [ 3.93852346]]

307[[ 0.28670656]
 [-0.00556228]
 [-0.02328776]
 [ 0.01140584]
 [ 0.11835063]
 [ 2.29616685]]

308[[-0.01970879]
 [ 0.01957315]
 [ 0.13084187]
 [ 0.42198358]
 [ 0.12724755]
 [ 1.32032251]]

309[[-4.52042989e-02]
 [ 3.00777174e-03]
 [ 3.62203926e-02]
 [ 1.88589669e-01]
 [ 1.23506807e-02]
 [ 3.02093989e+00]]

310[[ 0.1386657 ]
 [-0.10984016]
 [ 0.27344542]
 [ 0.13899571]
 [ 0.05097267]
 [ 1.94628496]]

311[[-0.12239608]
 [ 0.08648497]
 [ 0.03810803]
 [-0.0591601 ]
 [-0.24379595]
 [ 4.95964991]]

312[[-0.16753932]
 [ 0.04063918]
 [ 0.11827727]
 [-0.04577552]
 [-0.02817763]
 [ 4.05454252]]

313[[-0.03615935]
 [ 0.08305329]
 [ 0.06092301]
 [ 0.11176165]
 [ 0.1645698 ]
 [ 2.31739235]]

314[[-0.08109608]
 [ 0.17039325]
 [ 0.25066249]
 [ 0.10570783]
 [ 0.11991555]
 [ 1.77204694]]

315[[0.09357441]
 [0.00265496]
 [0.46911603]
 [0.01150325]
 [0.06534002]
 [1.37418361]]

316[[0.10093778]
 [0.286425  ]
 [0.13736065]
 [0.08649722]
 [0.05345017]
 [1.27132112]]

317[[ 0.18682875]
 [-0.12631771]
 [-0.12413571]
 [-0.12912689]
 [ 0.12578579]
 [ 4.08617208]]

318[[ 0.01564145]
 [-0.11828423]
 [ 0.01254644]
 [ 0.23381775]
 [ 0.1247039 ]
 [ 2.7678975 ]]

319[[0.16656696]
 [0.04152615]
 [0.37152723]
 [0.11316716]
 [0.12014542]
 [0.62324508]]

320[[-0.15026791]
 [ 0.08755259]
 [-0.09734553]
 [ 0.06865968]
 [-0.24517653]
 [ 4.97749016]]

321[[-0.08273759]
 [-0.1168818 ]
 [ 0.03873053]
 [-0.06361873]
 [ 0.05452336]
 [ 4.3338086 ]]

322[[ 0.01195674]
 [ 0.05975477]
 [-0.15531539]
 [ 0.07830739]
 [ 0.07962265]
 [ 3.57688162]]

323[[ 0.13350902]
 [-0.08859396]
 [ 0.06527797]
 [ 0.01297894]
 [ 0.26253904]
 [ 2.38575462]]

324[[ 0.29875472]
 [-0.06099632]
 [ 0.19087378]
 [-0.03566313]
 [ 0.08857584]
 [ 2.00359842]]

325[[ 4.10445176e-03]
 [-3.87323786e-02]
 [ 1.23105042e-03]
 [-1.74146832e-02]
 [ 3.54796402e-01]
 [ 2.61774472e+00]]

326[[ 0.08184205]
 [-0.08516648]
 [ 0.13077811]
 [ 0.2563885 ]
 [ 0.07577132]
 [ 2.04228079]]

327[[ 0.20687246]
 [ 0.07180631]
 [-0.26041348]
 [ 0.17504513]
 [ 0.04875042]
 [ 2.86125203]]

328[[-0.18251656]
 [ 0.10780346]
 [ 0.07623289]
 [ 0.15877351]
 [ 0.06761035]
 [ 2.93734632]]

329[[ 0.31716654]
 [ 0.00408479]
 [-0.13948297]
 [ 0.02302001]
 [ 0.01494425]
 [ 3.00972688]]

330[[ 0.21690971]
 [-0.08005067]
 [-0.26311926]
 [-0.00398461]
 [ 0.1872133 ]
 [ 3.45693411]]

331[[-0.07399828]
 [-0.12532171]
 [ 0.19038545]
 [ 0.09015533]
 [ 0.09913022]
 [ 3.08576261]]

332[[-0.08023823]
 [ 0.07761096]
 [ 0.08034484]
 [ 0.30229457]
 [ 0.11740994]
 [ 1.88484621]]

333[[-0.04021068]
 [ 0.08092566]
 [-0.12584502]
 [-0.06378315]
 [ 0.55667454]
 [ 2.13933845]]

334[[ 0.31005306]
 [ 0.05752295]
 [-0.07703499]
 [ 0.2352373 ]
 [-0.02709282]
 [ 1.8409612 ]]

335[[-0.03629289]
 [ 0.09757417]
 [ 0.12822342]
 [ 0.10834722]
 [-0.04534293]
 [ 2.7704473 ]]

336[[-0.16655869]
 [ 0.01837281]
 [ 0.13840638]
 [-0.16614781]
 [ 0.28717108]
 [ 3.26218059]]

337[[0.08115904]
 [0.02332937]
 [0.22724186]
 [0.18218239]
 [0.0475008 ]
 [1.8699762 ]]

338[[ 0.03809175]
 [ 0.17338597]
 [ 0.0101545 ]
 [ 0.08868372]
 [-0.35318915]
 [ 4.05754163]]

339[[ 0.13453209]
 [ 0.23843676]
 [-0.00968265]
 [ 0.04342324]
 [ 0.02769805]
 [ 2.1323006 ]]

340[[ 2.66952758e-02]
 [ 1.48200998e-01]
 [-5.70045698e-02]
 [-1.80980159e-01]
 [-3.81866363e-04]
 [ 4.08825251e+00]]

341[[-0.08160276]
 [-0.0165345 ]
 [ 0.12168084]
 [ 0.17863058]
 [-0.13196635]
 [ 3.48533892]]

342[[ 0.25841746]
 [-0.10104367]
 [ 0.11326085]
 [ 0.11303478]
 [ 0.11221854]
 [ 1.88499182]]

343[[ 0.11048243]
 [ 0.20580796]
 [ 0.00402498]
 [-0.00795056]
 [ 0.01741906]
 [ 2.50918623]]

344[[ 0.0795943 ]
 [ 0.21505211]
 [-0.03083797]
 [ 0.27618149]
 [ 0.07221672]
 [ 1.57960079]]

345[[ 0.01011411]
 [ 0.3055271 ]
 [ 0.04889106]
 [ 0.10411978]
 [-0.12038966]
 [ 2.28734323]]

346[[ 0.07894129]
 [ 0.02513646]
 [-0.09970806]
 [ 0.07048552]
 [ 0.1025925 ]
 [ 3.0984944 ]]

347[[ 0.08900553]
 [-0.11287378]
 [ 0.27844919]
 [-0.16409156]
 [-0.13701704]
 [ 3.84531456]]

348[[-1.31631635e-01]
 [ 3.74555991e-01]
 [ 2.45826794e-01]
 [-1.49274459e-03]
 [-1.34152163e-01]
 [ 2.44675195e+00]]

349[[0.15544608]
 [0.02246304]
 [0.0133231 ]
 [0.22544877]
 [0.14736782]
 [1.61774475]]

350[[ 0.04154512]
 [ 0.13691526]
 [ 0.05435083]
 [-0.00296754]
 [ 0.06220227]
 [ 2.69609543]]

351[[0.157425  ]
 [0.0795855 ]
 [0.21706963]
 [0.02675832]
 [0.0385228 ]
 [1.76918746]]

352[[-0.01574765]
 [-0.0941336 ]
 [ 0.00431113]
 [ 0.16316594]
 [ 0.06869434]
 [ 3.30275027]]

